20
0   29  20  21  16  31  100 12  4   31  18  19  27  25  13  29  30  28  37  19
29  0   15  29  28  40  72  21  29  41  12  13  29  17  31  36  37  28  47  32
20  15  0   15  14  25  81  9   23  27  13  28  14  26  24  41  42  32  31  37
21  29  15  0   4   12  92  12  25  13  25  13  25  18  21  32  33  25  40  23
16  28  14  4   0   16  94  9   20  16  22  11  24  23  17  29  30  20  39  21
31  40  25  12  16  0   95  24  36  3   37  18  36  14  35  25  26  18  42  20
100 72  81  92  94  95  0   90  101 99  84  98  84  94  99  15  16  26  22  76
12  21  9   12  9   24  90  0   15  25  13  29  15  25  20  26  27  17  36  15
4   29  23  25  20  36  101 15  0   35  18  17  31  16  38  21  22  10  44  20
31  41  27  13  16  3   99  25  35  0   38  23  37  14  32  24  25  15  40  23
18  12  13  25  22  37  84  13  18  38  0   17  24  21  18   6   7  13  31   5
19  13  28  13  11  18  98  29  17  23  17  0   30  28  19  12  13   5  36  13
27  29  14  25  24  36  84  15  31  37  24  30  0   12  25  15  16  10  20  23
25  17  26  18  23  14  94  25  16  14  21  28  12  0   18  19  20  12  32  15
13  31  24  21  17  35  99  20  38  32  18  19  25  18  0   31  32  22  48  23
29  36  41  32  29  25  15  26  21  24   6  12  15  19  31  0   1   13  15  24
30  37  42  33  30  26  16  27  22  25   7  13  16  20  32  1   0   14  16  25
28  28  32  25  20  18  26  17  10  15  13   5  10  12  22  13  14  0   22  13
37  47  31  40  39  42  22  36  44  40  31  36  20  32  48  15  16  22  0   32
19  32  37  23  21  20  76  15  20  23   5  13  23  15  23  24  25  13  32  0