15
0   29  20  21  16  31  100 12  4   31  18  19  27  25  13
29  0   15  29  28  40  72  21  29  41  12  13  29  17  31
20  15  0   15  14  25  81  9   23  27  13  28  14  26  24
21  29  15  0   4   12  92  12  25  13  25  13  25  18  21
16  28  14  4   0   16  94  9   20  16  22  11  24  23  17
31  40  25  12  16  0   95  24  36  3   37  18  36  14  35
100 72  81  92  94  95  0   90  101 99  84  98  84  94  99
12  21  9   12  9   24  90  0   15  25  13  29  15  25  20
4   29  23  25  20  36  101 15  0   35  18  17  31  16  38
31  41  27  13  16  3   99  25  35  0   38  23  37  14  32
18  12  13  25  22  37  84  13  18  38  0   17  24  21  18
19  13  28  13  11  18  98  29  17  23  17  0   30  28  19
27  29  14  25  24  36  84  15  31  37  24  30  0   12  25
25  17  26  18  23  14  94  25  16  14  21  28  12  0   18
13  31  24  21  17  35  99  20  38  32  18  19  25  18  0